0.8852053674947946; 0.0033420270409925124
1.1042893906786935; 0.005799415320426604
1.4681993615776223; 0.006238844583481562
1.8321556690161005; 0.006238844583481562
2.195889561064744; 0.008348105046145804
2.590996199408119; 0.005795264060422856
2.8987633409656315; 0.005854528474459997
3.2880922352929733; 0.005182992620566429
3.682915485129037; 0.006625052985491653
4.017362874907263; 0.007246052695562222
4.379783045214323; 0.006872108787534081
4.743523884181835; 0.008915488641336955
5.147126945374289; 0.021587551723049714
5.074792834030305; 0.005126105470029341
5.43573248138936; 0.0046548470652296725
5.847769218636785; 0.022285336506040476
5.769444852583305; 0.0067729908864953
6.271854156607473; 0.007033381109941228
6.530388920402391; 0.026910270618237142
6.955685231519981; 0.01622582278899176
7.259365442560837; 0.016820781907588733
7.653326547870243; 0.026438928309316934
8.016280545396741; 0.03594426276600049
8.379754952823916; 0.040514327101772496
8.743553716027927; 0.042008386596159575
9.107037390763011; 0.04649056507932081
9.47066934242465; 0.04956656992070596
9.834125215236003; 0.05431240596169995
10.197664493818543; 0.05826726932919524
10.561231574324815; 0.06195847513885733
10.924696714444078; 0.06661642532724033
11.288226725718712; 0.07065917454734638
11.651812340840802; 0.07417460865178649
12.015296375740316; 0.07865337154127383
12.407431738237776; 0.080371547734718
12.72780614175624; 0.08352526668217286
13.106312345563623; 0.08674228557515984
13.46161564105925; 0.0940935529141238
13.833196289262606; 0.09649761521498124
14.178441545596492; 0.1049853604421438
14.267696080010285; 0.12478709466098925
14.569840429261955; 0.10782610161653938
14.923341492306832; 0.11284438380062745
15.019321676426387; 0.14395597562492246
15.28645447472553; 0.12084199638822879
15.64917823021202; 0.13253081478549222
15.943980768858978; 0.14343651512357347
16.17619679202492; 0.15502959305390873
16.55166033775988; 0.17664218897516437
16.840111099549013; 0.1971532822103621
17.08245248660822; 0.22076486595041134
17.278654275577743; 0.19407044180266286
17.336820368185283; 0.24822155401630042
17.539029441209212; 0.2699061675112234
17.738786483852817; 0.293054324579488
17.913014741007483; 0.31425364774144193
17.989500480988433; 0.2164618040289994
18.16698465232204; 0.33752456600065517
18.20428755251024; 0.21909837960732936
18.371367846814085; 0.36038116524041663
18.62530863230378; 0.3839282961792645
18.7484426905493; 0.23597246330864197
18.83011415125629; 0.4027798115643245
19.059174200860156; 0.4269484210323502
18.946602887779992; 0.23940001156047108
19.264644412744264; 0.4507027114809239
19.474019943833014; 0.2581196981666144
19.440397268135893; 0.4723854068322384
19.62465645937201; 0.4925903643475078
19.836586155085033; 0.2713025760582649
19.806595657300498; 0.5164931191113852
19.968983833229956; 0.5397813006630756
20.182847067630405; 0.2822267875378125
20.165735281452914; 0.5621717910059537
20.342945901715538; 0.5838510336987727
20.514857962321887; 0.6075915135133648
20.70410066887539; 0.63395256112599
20.908588352264122; 0.3028184428045704
20.87570456785265; 0.6538916639371111
21.017845146475327; 0.6786886572513054
21.213986460677894; 0.7012621384944414
21.377109283529013; 0.7231865199404361
21.510934358249365; 0.7440405772528468
21.65097411907398; 0.3224521422778682
21.637465031943908; 0.7643422092059884
21.76787591275023; 0.7827103524016878
21.938171374498236; 0.806341881659313
22.10804682335919; 0.8289759762404798
22.290067365555675; 0.8509866741488603
22.410212882487958; 0.33915045427395873
22.420236137942855; 0.8716508352440222
22.616369442543583; 0.8943002749740578
22.772811529317664; 0.35202573168147056
22.84540036632259; 0.918745097121718
23.10216878397568; 0.36636577329916586
23.140846114186974; 0.9409048871014922
23.503727413907924; 0.9510996460043685
23.744390794965287; 0.3945624843451958
23.835985850792113; 0.9379265332074527
24.10300979499835; 0.915844863985555
24.259663044002657; 0.8945304522070866
24.369614853209562; 0.42706926407969026
24.42418442655103; 0.8733081113218297
24.59687976380448; 0.8492776081936213
24.761026255378596; 0.8256338028169015
24.86194323371423; 0.4647722948498103
24.90892622315194; 0.8036564806073101
25.076895825974812; 0.7796167703897806
25.245106202283182; 0.7532937020206052
25.396634762403547; 0.7282826438796941
25.437080986334596; 0.5016025702780293
25.6477464594386; 0.7002148320841602
25.881747219799387; 0.6775285639968402
26.012495960174075; 0.5358038380763377
26.132243876499498; 0.6552934432862566
26.481067199681906; 0.641917216518862
26.654184483138348; 0.569059844704341
26.84378168786048; 0.6536939207687363
27.18910938249935; 0.6734682376062119
27.26314286041728; 0.5989322460068207
27.534659492528046; 0.6911332939810233
27.897494455709452; 0.7017674821469546
27.921532859501344; 0.6306897988478064
28.24342637882403; 0.7158116413941927
28.363884965276018; 0.6716728551885871
28.414355796729804; 0.7333529219090192
28.53640975713171; 0.7612449663782972
28.59559296160136; 0.7839993449066491
28.655529397211215; 0.8143492593416488
28.73286944656751; 0.8679986898132983
28.785058990479154; 0.9035533997418161
28.726457796033696; 0.8416817595036705
28.84375790881516; 0.952373990867228
28.799694682641732; 0.9315889867247259
28.945166039875428; 0.9999951831371264
28.89385847441098; 0.9799262056607773
28.944784979177005; 0.8107459393845976
29.04913345477156; 1.0471955020134487
29.10950011096647; 1.0865220048058528
28.97665740414934; 0.9064536328779793
28.630079919138826; 0.7172535211267607
28.77023756785106; 0.7595070422535212
28.80483142892059; 0.7742957746478873
28.941313280987433; 0.8514084507042254
28.939642464330444; 0.8672535211267606
29.021782993696082; 0.9454225352112675
29.07155741753485; 0.9876760563380281
29.04991636369191; 1.0214788732394366
29.138071833022718; 1.042605633802817
29.134952975262994; 1.0721830985915493
15.818321443483747; 0.1595070422535212
13.473481434521805; 0.11091549295774672
12.697410966158483; 0.0992957746478873
11.939528530546983; 0.08661971830985915
11.091485645616281; 0.07183098591549308
10.388167308260261; 0.055985915492957616
9.647136252074992; 0.05492957746478866
7.515985737272512; 0.03697183098591572
7.046661294593299; 0.030633802816901534
4.661880811259456; 0.017957746478873382
4.191888041917448; 0.017957746478873604
3.8487659507296836; 0.01478873239436651
3.505198308433389; 0.015845070422535468
3.107734894544416; 0.013732394366197331
2.6197768680048465; 0.012676056338028374
2.1317074536881435; 0.012676056338028374
1.300515948183679; 0.009507042253521059
